0 0.0832106 0.2628444 0.0088365 -0.0029784
0 0.14838 0.274758 0.0051546 -0.0312733
0 0.2201767 0.2620998 0.0 -0.014892
0 0.2551546 0.152271 0.0095729 -0.0647803
0 0.2927099 0.2706627 0.0007364 0.0126582
0 0.3667158 0.2691735 0.0 -0.0126582
0 0.4112666 0.3655994 0.0213549 -0.0655249
0 0.4274669 0.4043187 0.0051546 -0.0044676
0 0.5169367 0.2609829 0.0103093 -0.003723
0 0.5541237 0.1120625 0.0036819 -0.0052122
0 0.5920471 0.2658228 0.0029455 0.0119136
0 0.660162 0.2594937 0.0036819 -0.0067014
0 0.7352725 0.2531646 0.0066274 -0.0089352
0 0.8103829 0.2539092 0.0051546 -0.0014892
0 0.8807069 0.2539092 0.0073638 -0.0178704
0 0.960972 0.2520477 0.0088365 -0.0007446
0 0.109352 0.5986597 0.0007364 -0.0104244
0 0.1259205 0.6031273 0.0044183 0.0134028
0 0.1966127 0.602755 0.005891 0.0171258
0 0.2142857 0.5930752 0.005891 -0.0052122
0 0.2886598 0.5956813 0.005891 -0.0014892
0 0.3298969 0.5956813 0.0044183 -0.0059568
0 0.3994845 0.5967982 0.0051546 -0.0052122
0 0.4841679 0.9080417 0.0125184 -0.003723
0 0.5261414 0.5960536 0.0051546 -0.003723
0 0.5784242 0.5945644 0.0066274 -0.0022338
0 0.6137703 0.5971705 0.0051546 -0.0014892
0 0.6675258 0.5979151 0.0051546 -0.0014892
0 0.7279087 0.5960536 0.0066274 -0.0022338
0 0.7794551 0.5971705 0.0051546 -0.0029784
0 0.8148012 0.5994043 0.0051546 -0.0044676
0 0.8634021 0.5994043 0.0022091 -0.0044676
