0 0.078716 0.264423 0.087603 0.261214 0.098255 0.312436 0.109822 0.360708 0.123153 0.399222 0.111726 0.404999 0.09173 0.31762 0.079351 0.27662 
0 0.151084 0.259288 0.146006 0.290741 0.126962 0.395371 0.13077 0.403073 0.140293 0.401148 0.142065 0.363804 0.151719 0.301654 0.158702 0.27662 0.161241 0.261214 
0 0.220036 0.254849 0.220036 0.269918 0.213295 0.301012 0.19806 0.394087 0.200599 0.403715 0.208217 0.403073 0.227896 0.278545 0.233624 0.257065 
0 0.259636 0.119996 0.250657 0.184722 0.233609 0.282397 0.216469 0.391519 0.214565 0.403715 0.223452 0.403073 0.232974 0.366485 0.240592 0.297802 0.257732 0.18547 0.267889 0.137328 0.271698 0.116787 
0 0.292012 0.264423 0.293069 0.27662 0.290272 0.358149 0.287568 0.403073 0.300264 0.403715 0.298661 0.335528 0.298661 0.308666 0.304708 0.272768 0.303438 0.26314 
0 0.366919 0.262498 0.36647 0.275627 0.344066 0.353005 0.334397 0.392115 0.3301 0.400506 0.340892 0.404357 0.339961 0.394101 0.365488 0.300778 0.375171 0.269559 0.377076 0.25993 
0 0.421702 0.3327 0.400564 0.39858 0.403738 0.406925 0.413895 0.402432 0.444365 0.287532 0.451983 0.265065 0.439287 0.261856 
0 0.424686 0.406283 0.4304 0.40179 0.441011 0.333866 0.478561 0.167286 0.487076 0.127985 0.491558 0.116978 0.484942 0.112014 0.477258 0.116978 0.480032 0.123669 0.46872 0.181726 0.446905 0.275978 0.415799 0.404357 
0 0.511655 0.262498 0.522447 0.259288 0.528901 0.336801 0.538317 0.402432 0.52689 0.404357 0.517368 0.281113 
0 0.555927 0.109791 0.552283 0.114861 0.555822 0.129968 0.561365 0.181209 0.568062 0.256622 0.575502 0.346838 0.576405 0.40179 0.581484 0.410776 0.590371 0.406925 0.566747 0.159557 0.563709 0.122564 0.56244 0.109726 
0 0.590371 0.25993 0.593808 0.271528 0.609524 0.366631 0.611955 0.40885 0.625286 0.403715 0.611855 0.335999 0.601163 0.265065 0.597989 0.257363 
0 0.662301 0.256178 0.658296 0.262498 0.663588 0.304896 0.665452 0.349195 0.665913 0.405641 0.677975 0.404999 0.675012 0.351026 0.672909 0.311965 0.671511 0.278033 0.668453 0.256721 
0 0.738569 0.248644 0.731933 0.257363 0.733609 0.266769 0.731994 0.314683 0.731117 0.370085 0.73084 0.394695 0.728626 0.404212 0.73527 0.41205 0.740253 0.402813 0.738592 0.393575 0.739445 0.373187 0.74076 0.314683 0.741083 0.267329 0.74336 0.257363 
0 0.813083 0.253519 0.807475 0.254795 0.80697 0.268169 0.788537 0.357675 0.782331 0.394415 0.779544 0.403073 0.782718 0.410776 0.79036 0.406172 0.790083 0.397214 0.796427 0.36122 0.801987 0.327233 0.814444 0.268448 0.818267 0.256079 
0 0.884287 0.245167 0.877078 0.262827 0.831931 0.364323 0.817632 0.396013 0.814458 0.407567 0.825241 0.408411 0.829116 0.396934 0.855969 0.331152 0.885867 0.268169 0.896349 0.250944 0.893175 0.244525 
0 0.96518 0.251303 0.956413 0.252189 0.94677 0.265043 0.91828 0.310694 0.875763 0.390916 0.865878 0.399864 0.867147 0.413344 0.881113 0.406925 0.884091 0.395791 0.925731 0.31291 0.957925 0.271484 0.970621 0.260572 
0 0.109822 0.593717 0.109142 0.604102 0.081527 0.735737 0.079351 0.747131 0.083281 0.750807 0.088873 0.751624 0.089856 0.739726 0.103848 0.66353 0.118709 0.605913 0.119344 0.588582 
0 0.123788 0.596285 0.127989 0.609864 0.136938 0.679081 0.144645 0.741499 0.145371 0.756759 0.152535 0.759671 0.158067 0.755475 0.152974 0.739283 0.144395 0.672012 0.138071 0.607205 0.136484 0.59115 
0 0.193616 0.594359 0.199435 0.611194 0.211974 0.707829 0.21916 0.744602 0.219643 0.761252 0.2298 0.761894 0.207325 0.611194 0.207582 0.592433 0.200599 0.593075 
0 0.217407 0.590806 0.211391 0.595643 0.215215 0.609421 0.238688 0.816456 0.254225 0.888203 0.253923 0.897977 0.265984 0.897977 0.260362 0.885544 0.25291 0.846098 0.235378 0.720668 0.225735 0.609421 0.225357 0.593717 
0 0.291455 0.594787 0.285664 0.596285 0.287538 0.610751 0.291455 0.657172 0.294933 0.729036 0.293281 0.76382 0.300687 0.761444 0.309151 0.759969 0.302856 0.716783 0.298973 0.662539 0.296742 0.608535 0.297725 0.595001 
0 0.331808 0.592579 0.327561 0.598852 0.33137 0.610307 0.357385 0.707829 0.363805 0.747704 0.365649 0.765746 0.373448 0.76499 0.38025 0.759969 0.375202 0.748591 0.358783 0.690863 0.338383 0.608091 0.337083 0.595001 
0 0.402377 0.593908 0.396755 0.599494 0.405446 0.615626 0.424498 0.683794 0.441191 0.761252 0.454522 0.757401 0.412897 0.61341 0.410721 0.593075 
0 0.47801 0.910173 0.490706 0.906321 0.475299 0.846852 0.453253 0.720813 0.443374 0.683111 0.426923 0.609864 0.425956 0.593717 0.420376 0.594116 0.415799 0.597568 0.444073 0.721024 0.456427 0.800408 
0 0.528732 0.59434 0.523716 0.59821 0.52423 0.607648 0.516312 0.706415 0.51229 0.755475 0.512925 0.763178 0.52816 0.760611 0.524235 0.733277 0.526422 0.67679 0.534508 0.607197 0.533873 0.593717 
0 0.582089 0.593465 0.575075 0.595681 0.575075 0.607648 0.566647 0.729036 0.559296 0.796901 0.554995 0.852508 0.5453 0.911457 0.560535 0.908247 0.562452 0.861462 0.584718 0.61474 0.590371 0.596927 
0 0.61608 0.596576 0.61132 0.597568 0.605796 0.650805 0.595077 0.725737 0.587832 0.755475 0.594815 0.76382 0.601163 0.762536 0.60533 0.707829 0.616515 0.639966 0.622714 0.597917 
0 0.670258 0.597247 0.664644 0.598852 0.663588 0.632897 0.662655 0.676725 0.655122 0.756759 0.671627 0.762536 0.667782 0.702173 0.671977 0.63007 0.67734 0.597568 
0 0.731512 0.59501 0.72495 0.596927 0.726734 0.61474 0.732432 0.740169 0.730679 0.761001 0.739007 0.762773 0.745264 0.756117 0.742075 0.745045 0.737692 0.6892 0.736377 0.616512 0.737647 0.596927 
0 0.78171 0.595458 0.777005 0.598852 0.781524 0.613853 0.80607 0.745931 0.806841 0.763178 0.81659 0.76366 0.820806 0.757401 0.817028 0.743715 0.803002 0.682108 0.789852 0.611637 0.788431 0.595001 
0 0.817312 0.59747 0.812554 0.60142 0.823164 0.621831 0.850443 0.68177 0.871269 0.724924 0.880043 0.751121 0.886192 0.766388 0.893295 0.763217 0.896364 0.757455 0.889428 0.746741 0.829301 0.618729 0.822711 0.596927 
0 0.864856 0.597023 0.862069 0.60142 0.877516 0.622274 0.906754 0.67009 0.953784 0.747261 0.957925 0.762536 0.965618 0.76233 0.969986 0.754192 0.960797 0.745045 0.886282 0.619615 0.873038 0.595905 
