222 1242 440 1242 440 1430 222 1430 rivet1 0
759 1230 964 1230 964 1436 759 1436 rivet1 0
1279 1245 1457 1245 1457 1435 1279 1435 rivet1 0
1795 1248 1973 1248 1973 1438 1795 1438 rivet1 0
2301 1241 2479 1241 2479 1431 2301 1431 rivet1 0
2798 1239 2983 1239 2983 1433 2798 1433 rivet1 0
3290 1237 3474 1237 3474 1431 3290 1431 rivet1 0
3778 1237 3960 1237 3960 1419 3778 1419 rivet1 0
4268 1235 4450 1235 4450 1417 4268 1417 rivet1 0
785 636 1003 636 1003 823 785 823 rivet1 0
1792 650 2011 650 2011 838 1792 838 rivet1 0
251 1781 449 1781 449 1970 251 1970 rivet1 0
775 1770 972 1770 972 1959 775 1959 rivet1 0
1288 1779 1486 1779 1486 1968 1288 1968 rivet1 0
1785 1776 1983 1776 1983 1965 1785 1965 rivet1 0
2291 1769 2489 1769 2489 1958 2291 1958 rivet1 0
2806 1755 3004 1755 3004 1944 2806 1944 rivet1 0
3293 1753 3491 1753 3491 1943 3293 1943 rivet1 0
3770 1751 3968 1751 3968 1941 3770 1941 rivet1 0
4259 1741 4456 1741 4456 1931 4259 1931 rivet1 0
4750 1743 4928 1743 4928 1933 4750 1933 rivet1 0
338 4155 508 4155 508 4324 338 4324 rivet1 0
848 4145 1018 4145 1018 4314 848 4314 rivet1 0
1355 4125 1509 4125 1509 4287 1355 4287 rivet1 0
1842 4110 1996 4110 1996 4272 1842 4272 rivet1 0
2333 4104 2488 4104 2488 4266 2333 4266 rivet1 0
2332 4106 2486 4106 2486 4268 2332 4268 rivet1 0
2812 4087 2966 4087 2966 4248 2812 4248 rivet1 0
3295 4070 3449 4070 3449 4232 3295 4232 rivet1 0
3754 4055 3908 4055 3908 4217 3754 4217 rivet1 0
4232 4043 4374 4043 4374 4193 4232 4193 rivet1 0
4703 4035 4835 4035 4835 4180 4703 4180 rivet1 0
