107 355 119 355 119 351 107 351 wire 0
198 390 205 390 205 348 198 348 wire 0
299 362 299 362 299 342 299 342 wire 0
340 248 353 248 353 161 340 161 wire 0
397 355 398 355 398 372 397 372 wire 0
498 370 498 370 498 353 498 353 wire 0
544 535 573 535 573 447 544 447 wire 0
577 546 584 546 584 540 577 540 wire 0
695 353 709 353 709 348 695 348 wire 0
750 154 755 154 755 147 750 147 wire 0
802 349 806 349 806 365 802 365 wire 0
894 353 899 353 899 344 894 344 wire 0
994 346 1003 346 1003 334 994 334 wire 0
1097 342 1104 342 1104 340 1097 340 wire 0
1191 353 1201 353 1201 329 1191 329 wire 0
1299 339 1311 339 1311 338 1299 338 wire 0
148 811 149 811 149 797 148 797 wire 0
168 801 174 801 174 819 168 819 wire 0
263 798 271 798 271 821 263 821 wire 0
287 800 295 800 295 793 287 793 wire 0
388 801 396 801 396 799 388 799 wire 0
445 804 451 804 451 796 445 796 wire 0
539 805 546 805 546 798 539 798 wire 0
649 1222 666 1222 666 1217 649 1217 wire 0
711 803 718 803 718 798 711 798 wire 0
781 800 790 800 790 797 781 797 wire 0
830 803 837 803 837 801 830 801 wire 0
903 804 910 804 910 802 903 802 wire 0
984 802 993 802 993 799 984 799 wire 0
1055 804 1062 804 1062 800 1055 800 wire 0
1103 808 1110 808 1110 802 1103 802 wire 0
1171 808 1174 808 1174 802 1171 802 wire 0
